0 0	
1 1	
2 3	
3 4	
4 5	
5 6	
6 7	
7 9	
8 8	
9 10	
10 3	
11 57	
12 11	
13 12	
14 14	
15 15	
16 16	
17 17	
18 18	
19 19	
20 8	
21 0	
22 20	
23 8	
24 21	
25 22	
26 21	
27 11	
28 24	
29 8	
30 19	
31 25	
32 21	
33 24	
34 11	
35 2	
36 26	
37 1	
38 12	
39 27	
40 3	
41 7	
42 0	
43 6	
44 28	
45 29	
46 30	
47 14	
48 0	
49 31	
50 5	
51 25	
52 32	
53 0	
54 33	
55 106	
56 1	
57 18	
58 4	
59 1	
60 21	
61 34	
62 3	
63 34	
64 4	
65 21	
66 7	
67 28	
68 17	
69 35	
70 10	
71 8	
72 21	
73 36	
74 4	
75 37	
76 0	
77 3	
78 38	
79 39	
80 40	
81 41	
82 5	
83 13	
84 1	
85 32	
86 43	
87 44	
88 27	
89 21	
90 17	
91 45	
92 21	
93 4	
94 106	
95 1	
96 28	
97 46	
98 14	
99 63	
100 32	
101 1	
102 17	
103 5	
104 0	
105 57	
106 8	
107 10	
108 47	
109 48	
110 49	
111 3	
112 21	
113 50	
114 51	
115 52	
116 24	
117 46	
118 13	
119 53	
120 0	
121 8	
122 17	
123 3	
124 4	
125 54	
126 4	
127 5	
128 39	
129 3	
130 106	
131 55	
132 29	
133 1	
134 56	
135 57	
136 29	
137 27	
138 58	
139 59	
140 19	
141 39	
142 106	
143 29	
144 5	
145 28	
146 14	
147 60	
148 0	
149 4	
150 5	
151 11	
152 8	
153 57	
154 25	
155 61	
156 32	
157 0	
158 62	
159 3	
160 3	
161 37	
162 32	
163 8	
164 18	
165 25	
166 8	
167 8	
168 53	
169 17	
170 19	
171 19	
172 28	
173 12	
174 53	
175 15	
176 53	
177 47	
178 63	
179 64	
180 0	
181 18	
182 65	
183 66	
184 38	
185 28	
186 5	
187 0	
188 19	
189 0	
190 4	
191 24	
192 8	
193 4	
194 14	
195 8	
196 58	
197 6	
198 17	
199 13	
200 21	
201 8	
202 45	
203 0	
204 68	
205 39	
206 61	
207 21	
208 47	
209 26	
210 21	
211 69	
212 55	
213 53	
214 6	
215 1	
216 7	
217 55	
218 43	
219 5	
220 39	
221 57	
222 66	
223 70	
224 7	
225 8	
226 55	
227 57	
228 18	
229 32	
230 71	
231 32	
232 21	
233 33	
234 6	
235 14	
236 72	
237 18	
238 14	
239 73	
240 14	
241 3	
242 19	
243 74	
244 75	
245 21	
246 8	
247 21	
248 6	
249 76	
250 3	
251 77	
252 78	
253 6	
254 17	
255 0	
256 28	
257 7	
258 11	
259 28	
260 11	
261 1	
262 8	
263 106	
264 17	
265 8	
266 13	
267 20	
268 4	
269 21	
270 58	
271 68	
272 79	
273 8	
274 17	
275 50	
276 18	
277 5	
278 29	
279 5	
280 21	
281 80	
282 1	
283 81	
284 7	
285 0	
286 26	
287 57	
288 39	
289 37	
290 25	
291 43	
292 18	
293 14	
294 4	
295 25	
296 19	
297 22	
298 0	
299 63	
300 82	
301 8	
302 21	
303 83	
304 0	
305 3	
306 1	
307 49	
308 11	
309 1	
310 0	
311 11	
312 32	
313 72	
314 8	
315 84	
316 32	
317 1	
318 10	
319 3	
320 39	
321 81	
322 14	
323 77	
324 21	
325 19	
326 10	
327 32	
328 28	
329 19	
330 4	
331 56	
332 85	
333 53	
334 3	
335 19	
336 21	
337 86	
338 15	
339 77	
340 1	
341 19	
342 87	
343 8	
344 55	
345 19	
346 1	
347 55	
348 14	
349 14	
350 88	
351 61	
352 1	
353 21	
354 38	
355 21	
356 14	
357 17	
358 14	
359 79	
360 19	
361 19	
362 27	
363 53	
364 72	
365 89	
366 63	
367 10	
368 29	
369 89	
370 72	
371 89	
372 53	
373 7	
374 19	
375 21	
376 32	
377 49	
378 10	
379 90	
380 61	
381 13	
382 21	
383 15	
384 29	
385 1	
386 26	
387 13	
388 6	
389 34	
390 32	
391 5	
392 11	
393 3	
394 10	
395 19	
396 21	
397 7	
398 3	
399 19	
400 21	
401 77	
402 14	
403 5	
404 21	
405 14	
406 5	
407 14	
408 3	
409 58	
410 21	
411 45	
412 3	
413 29	
414 3	
415 39	
416 21	
417 3	
418 3	
419 8	
420 8	
421 1	
422 6	
423 28	
424 59	
425 1	
426 15	
427 4	
428 29	
429 0	
430 91	
431 7	
432 0	
433 14	
434 79	
435 8	
436 21	
437 39	
438 21	
439 15	
440 92	
441 85	
442 10	
443 3	
444 32	
445 6	
446 4	
447 43	
448 7	
449 93	
450 19	
451 41	
452 25	
453 11	
454 69	
455 63	
456 3	
457 37	
458 14	
459 29	
460 58	
461 21	
462 3	
463 94	
464 54	
465 52	
466 14	
467 28	
468 23	
469 3	
470 4	
471 19	
472 4	
473 46	
474 81	
475 10	
476 81	
477 29	
478 10	
479 19	
480 17	
481 81	
482 6	
483 28	
484 4	
485 1	
486 30	
487 95	
488 1	
489 72	
490 5	
491 21	
492 17	
493 36	
494 0	
495 29	
496 4	
497 18	
498 3	
499 72	
500 53	
501 19	
502 17	
503 3	
504 15	
505 46	
506 57	
507 29	
508 0	
509 17	
510 96	
511 21	
512 3	
513 8	
514 1	
515 53	
516 4	
517 8	
518 27	
519 3	
520 29	
521 15	
522 14	
523 58	
524 4	
525 14	
526 6	
527 78	
528 96	
529 14	
530 4	
531 43	
532 90	
533 7	
534 63	
535 1	
536 1	
537 14	
538 3	
539 18	
540 14	
541 54	
542 53	
543 7	
544 0	
545 14	
546 82	
547 17	
548 53	
549 11	
550 78	
551 55	
552 51	
553 0	
554 71	
555 0	
556 29	
557 25	
558 21	
559 14	
560 7	
561 81	
562 23	
563 97	
564 17	
565 0	
566 15	
567 98	
568 14	
569 14	
570 7	
571 21	
572 98	
573 21	
574 26	
575 26	
576 7	
577 1	
578 21	
579 14	
580 46	
581 8	
582 19	
583 66	
584 21	
585 20	
586 47	
587 32	
588 0	
589 29	
590 13	
591 11	
592 57	
593 40	
594 14	
595 4	
596 46	
597 21	
598 81	
599 50	
600 99	
601 1	
602 7	
603 8	
604 6	
605 100	
606 11	
607 14	
608 8	
609 8	
610 62	
611 101	
612 0	
613 39	
614 21	
615 5	
616 57	
617 57	
618 11	
619 19	
620 96	
621 59	
622 14	
623 1	
624 29	
625 21	
626 19	
627 102	
628 32	
629 8	
630 13	
631 3	
632 58	
633 21	
634 59	
635 32	
636 10	
637 6	
638 39	
639 81	
640 72	
641 103	
642 1	
643 7	
644 72	
645 92	
646 13	
647 8	
648 24	
649 28	
650 81	
651 53	
652 58	
653 8	
654 0	
655 78	
656 8	
657 47	
658 3	
659 46	
660 6	
661 37	
662 7	
663 63	
664 15	
665 8	
666 19	
667 47	
668 10	
669 34	
670 8	
671 57	
672 15	
673 14	
674 18	
675 32	
676 73	
677 2	
678 81	
679 61	
680 29	
681 15	
682 8	
683 3	
684 0	
685 27	
686 21	
687 53	
688 104	
689 28	
690 11	
691 8	
692 23	
693 81	
694 21	
695 18	
696 14	
697 16	
698 3	
699 1	
700 19	
701 105	
702 81	
703 21	
704 37	
705 0	
706 22	
707 8	
708 12	
709 49	
710 77	
711 85	
712 10	
713 3	
714 14	
715 10	
716 56	
717 21	
718 81	
719 8	
720 46	
721 43	
722 8	
723 8	
724 8	
725 8	
726 63	
727 0	
728 106	
729 11	
730 63	
731 46	
732 39	
733 66	
734 8	
735 63	
736 4	
737 8	
738 21	
739 106	
740 32	
741 61	
742 53	
743 21	
744 5	
745 21	
746 55	
747 8	
748 21	
749 7	
750 39	
751 21	
752 8	
753 29	
754 14	
755 15	
756 14	
757 59	
758 43	
759 70	
760 100	
761 107	
762 43	
763 4	
764 8	
765 3	
766 42	
767 71	
768 58	
769 14	
770 54	
771 7	
772 28	
773 3	
774 4	
775 3	
776 109	
777 29	
778 8	
779 5	
780 23	
781 3	
782 70	
783 17	
784 15	
785 17	
786 32	
787 39	
788 11	
789 53	
790 14	
791 5	
792 19	
793 8	
794 110	
795 72	
796 13	
797 13	
798 21	
799 8	
800 3	
801 19	
802 21	
803 1	
804 25	
805 4	
806 24	
807 88	
808 50	
809 5	
810 8	
811 14	
812 104	
813 21	
814 19	
815 14	
816 58	
817 11	
818 53	
819 63	
820 17	
821 27	
822 14	
823 85	
824 111	
825 57	
826 6	
827 111	
828 15	
829 37	
830 19	
831 7	
832 1	
833 19	
834 8	
835 93	
836 23	
837 85	
838 6	
839 21	
840 14	
841 22	
842 6	
843 7	
844 21	
845 32	
846 50	
847 10	
848 25	
849 72	
850 105	
851 8	
852 46	
853 29	
854 5	
855 25	
856 24	
857 105	
858 32	
859 62	
860 6	
861 21	
862 92	
863 112	
864 8	
865 46	
866 4	
867 8	
868 3	
869 90	
870 21	
871 15	
872 99	
873 6	
874 39	
875 29	
876 29	
877 13	
878 18	
879 101	
880 13	
881 106	
882 8	
883 13	
884 32	
885 28	
886 6	
887 8	
888 8	
889 8	
890 19	
891 81	
892 0	
893 21	
894 22	
895 14	
896 19	
897 25	
898 14	
899 29	
900 32	
901 10	
902 21	
903 10	
904 24	
905 32	
906 5	
907 7	
908 14	
909 1	
910 1	
911 5	
912 44	
913 13	
914 43	
915 7	
916 14	
917 47	
918 25	
919 46	
920 14	
921 24	
922 56	
923 21	
924 39	
925 4	
926 8	
927 3	
928 8	
929 43	
930 14	
931 14	
932 6	
933 0	
934 3	
935 21	
936 5	
937 1	
938 8	
939 106	
940 17	
941 59	
942 17	
943 8	
944 28	
945 14	
946 81	
947 107	
948 1	
949 17	
950 3	
951 3	
952 26	
953 1	
954 21	
955 15	
956 15	
957 17	
958 29	
959 8	
960 1	
961 59	
962 59	
963 21	
964 19	
965 1	
966 14	
967 14	
968 29	
969 29	
970 21	
971 21	
972 63	
973 11	
974 13	
975 3	
976 1	
977 69	
978 14	
979 10	
980 3	
981 1	
982 6	
983 12	
984 72	
985 14	
986 113	
987 11	
988 10	
989 21	
990 14	
991 21	
992 61	
993 63	
994 39	
995 14	
996 6	
997 39	
998 28	
999 15	
1000 45	
1001 59	
1002 114	
1003 3	
1004 4	
1005 3	
1006 57	
1007 6	
1008 68	
1009 66	
1010 8	
1011 1	
1012 18	
1013 8	
1014 29	
1015 84	
1016 14	
1017 29	
1018 15	
1019 3	
1020 19	
1021 103	
1022 0	
1023 46	
1024 6	
1025 4	
1026 7	
1027 54	
1028 62	
1029 8	
1030 106	
1031 14	
1032 79	
1033 8	
1034 14	
1035 14	
1036 103	
1037 24	
1038 70	
1039 19	
1040 25	
1041 0	
1042 21	
1043 58	
1044 6	
1045 21	
1046 17	
1047 1	
1048 19	
1049 8	
1050 14	
1051 7	
1052 6	
1053 0	
1054 8	
1055 115	
1056 50	
1057 4	
1058 19	
1059 12	
1060 7	
1061 50	
1062 33	
1063 21	
1064 14	
1065 18	
1066 3	
1067 8	
1068 46	
1069 29	
1070 17	
1071 8	
1072 23	
1073 35	
1074 3	
1075 14	
1076 81	
1077 26	
1078 43	
1079 32	
1080 21	
1081 23	
1082 49	
1083 0	
1084 18	
1085 17	
1086 5	
1087 5	
1088 21	
1089 14	
1090 32	
1091 62	
1092 1	
1093 98	
1094 72	
1095 53	
1096 21	
1097 58	
1098 24	
1099 3	
1100 50	
1101 15	
1102 34	
1103 29	
1104 8	
1105 32	
1106 56	
1107 29	
1108 8	
1109 61	
1110 21	
1111 29	
1112 18	
1113 53	
1114 5	
1115 7	
1116 28	
1117 6	
1118 72	
1119 21	
1120 0	
1121 26	
1122 29	
1123 1	
1124 4	
1125 14	
1126 0	
1127 61	
1128 14	
1129 59	
1130 39	
1131 46	
1132 27	
1133 63	
1134 63	
1135 7	
1136 76	
1137 21	
1138 0	
1139 29	
1140 58	
1141 23	
1142 29	
1143 63	
1144 0	
1145 3	
1146 19	
1147 1	
1148 25	
1149 3	
1150 21	
1151 71	
1152 39	
1153 63	
1154 1	
1155 8	
1156 106	
1157 8	
1158 14	
1159 3	
1160 11	
1161 14	
1162 27	
1163 61	
1164 1	
1165 8	
1166 28	
1167 39	
1168 21	
1169 110	
1170 5	
1171 21	
1172 21	
1173 5	
1174 116	
1175 6	
1176 10	
1177 3	
1178 62	
1179 6	
1180 23	
1181 72	
1182 79	
1183 19	
1184 63	
1185 10	
1186 8	
1187 39	
1188 80	
1189 19	
1190 85	
1191 22	
1192 4	
1193 57	
1194 8	
1195 17	
1196 19	
1197 21	
1198 3	
1199 114	
1200 117	
1201 29	
1202 59	
1203 10	
1204 70	
1205 24	
1206 18	
1207 19	
1208 53	
1209 46	
1210 6	
1211 50	
1212 58	
1213 21	
1214 77	
1215 38	
1216 3	
1217 8	
1218 53	
1219 10	
1220 10	
1221 84	
1222 98	
1223 111	
1224 17	
1225 85	
1226 21	
1227 27	
1228 61	
1229 28	
1230 8	
1231 19	
1232 81	
1233 58	
1234 72	
1235 19	
1236 17	
1237 11	
1238 106	
1239 46	
1240 3	
1241 21	
1242 76	
1243 6	
1244 8	
1245 66	
1246 3	
1247 106	
1248 46	
1249 21	
1250 59	
1251 49	
1252 59	
1253 84	
1254 8	
1255 1	
1256 72	
1257 21	
1258 72	
1259 6	
1260 21	
1261 26	
1262 50	
1263 29	
1264 118	
1265 105	
1266 24	
1267 29	
1268 15	
1269 8	
1270 53	
1271 61	
1272 47	
1273 14	
1274 53	
1275 21	
1276 54	
1277 18	
1278 11	
1279 117	
1280 109	
1281 63	
1282 81	
1283 18	
1284 21	
1285 4	
1286 92	
1287 18	
1288 3	
1289 106	
1290 34	
1291 32	
1292 10	
1293 57	
1294 27	
1295 21	
1296 29	
1297 3	
1298 1	
1299 8	
1300 61	
1301 119	
1302 7	
1303 19	
1304 18	
1305 28	
1306 48	
1307 8	
1308 6	
1309 47	
1310 62	
1311 21	
1312 8	
1313 17	
1314 46	
1315 10	
1316 6	
1317 29	
1318 57	
1319 10	
1320 47	
1321 21	
1322 49	
1323 47	
1324 60	
1325 14	
1326 47	
1327 1	
1328 4	
1329 120	
1330 8	
1331 0	
1332 8	
1333 8	
1334 21	
1335 53	
1336 81	
1337 79	
1338 8	
1339 1	
1340 29	
1341 0	
1342 32	
1343 0	
1344 55	
