0 0	
1 2	
2 4	
3 6	
4 8	
5 10	
6 12	
7 14	
8 192	
9 15	
10 17	
11 157	
12 19	
13 21	
14 23	
15 25	
16 26	
17 28	
18 30	
19 32	
20 192	
21 33	
22 34	
23 192	
24 35	
25 37	
26 39	
27 41	
28 42	
29 166	
30 32	
31 44	
32 35	
33 47	
34 20	
35 3	
36 50	
37 52	
38 54	
39 55	
40 57	
41 12	
42 58	
43 60	
44 61	
45 62	
46 64	
47 66	
48 59	
49 67	
50 8	
51 44	
52 70	
53 59	
54 72	
55 476	
56 2	
57 31	
58 74	
59 49	
60 46	
61 75	
62 77	
63 78	
64 79	
65 81	
66 12	
67 118	
68 82	
69 83	
70 84	
71 188	
72 35	
73 87	
74 7	
75 90	
76 33	
77 93	
78 94	
79 95	
80 97	
81 99	
82 101	
83 22	
84 2	
85 70	
86 106	
87 108	
88 110	
89 112	
90 28	
91 114	
92 35	
93 74	
94 476	
95 49	
96 117	
97 119	
98 121	
99 203	
100 122	
101 73	
102 123	
103 124	
104 59	
105 157	
106 188	
107 126	
108 127	
109 129	
110 131	
111 4	
112 133	
113 134	
114 136	
115 138	
116 43	
117 140	
118 103	
119 142	
120 92	
121 166	
122 145	
123 57	
124 7	
125 146	
126 7	
127 102	
128 148	
129 5	
130 523	
131 150	
132 151	
133 153	
134 155	
135 156	
136 158	
137 56	
138 159	
139 161	
140 163	
141 149	
142 476	
143 164	
144 8	
145 61	
146 167	
147 169	
148 171	
149 172	
150 8	
151 20	
152 166	
153 176	
154 177	
155 179	
156 122	
157 181	
158 183	
159 17	
160 17	
161 186	
162 122	
163 188	
164 189	
165 44	
166 191	
167 188	
168 193	
169 28	
170 196	
171 198	
172 61	
173 54	
174 142	
175 200	
176 194	
177 202	
178 203	
179 204	
180 59	
181 206	
182 207	
183 209	
184 94	
185 118	
186 211	
187 33	
188 212	
189 213	
190 80	
191 214	
192 192	
193 216	
194 23	
195 192	
196 219	
197 220	
198 113	
199 103	
200 222	
201 223	
202 115	
203 59	
204 225	
205 226	
206 228	
207 229	
208 230	
209 232	
210 35	
211 234	
212 150	
213 194	
214 16	
215 237	
216 235	
217 150	
218 239	
219 240	
220 227	
221 242	
222 244	
223 245	
224 247	
225 248	
226 150	
227 250	
228 31	
229 105	
230 251	
231 122	
232 35	
233 72	
234 16	
235 254	
236 255	
237 257	
238 258	
239 259	
240 254	
241 5	
242 125	
243 261	
244 262	
245 35	
246 188	
247 263	
248 16	
249 264	
250 57	
251 266	
252 268	
253 16	
254 195	
255 171	
256 118	
257 270	
258 271	
259 61	
260 48	
261 49	
262 249	
263 476	
264 28	
265 192	
266 103	
267 34	
268 276	
269 35	
270 159	
271 225	
272 278	
273 272	
274 280	
275 134	
276 31	
277 165	
278 62	
279 102	
280 35	
281 286	
282 2	
283 288	
284 235	
285 59	
286 233	
287 243	
288 289	
289 91	
290 44	
291 107	
292 31	
293 23	
294 79	
295 177	
296 125	
297 291	
298 59	
299 338	
300 293	
301 294	
302 296	
303 297	
304 59	
305 299	
306 2	
307 300	
308 20	
309 73	
310 59	
311 20	
312 70	
313 256	
314 188	
315 303	
316 71	
317 305	
318 126	
319 17	
320 306	
321 288	
322 258	
323 309	
324 86	
325 311	
326 313	
327 71	
328 118	
329 314	
330 7	
331 315	
332 317	
333 142	
334 319	
335 32	
336 35	
337 320	
338 25	
339 322	
340 154	
341 212	
342 325	
343 192	
344 150	
345 125	
346 2	
347 326	
348 23	
349 66	
350 327	
351 329	
352 49	
353 46	
354 94	
355 285	
356 23	
357 28	
358 332	
359 279	
360 212	
361 125	
362 304	
363 143	
364 334	
365 336	
366 338	
367 339	
368 164	
369 341	
370 256	
371 337	
372 143	
373 235	
374 125	
375 35	
376 71	
377 131	
378 344	
379 346	
380 180	
381 275	
382 35	
383 25	
384 340	
385 2	
386 348	
387 275	
388 16	
389 349	
390 187	
391 124	
392 20	
393 17	
394 126	
395 125	
396 352	
397 12	
398 353	
399 196	
400 116	
401 310	
402 23	
403 8	
404 46	
405 24	
406 102	
407 66	
408 18	
409 355	
410 35	
411 356	
412 358	
413 152	
414 5	
415 227	
416 35	
417 17	
418 5	
419 166	
420 191	
421 73	
422 220	
423 118	
424 162	
425 73	
426 321	
427 362	
428 63	
429 171	
430 359	
431 12	
432 213	
433 217	
434 279	
435 192	
436 35	
437 227	
438 366	
439 201	
440 367	
441 318	
442 313	
443 185	
444 70	
445 16	
446 173	
447 368	
448 235	
449 369	
450 198	
451 100	
452 178	
453 20	
454 371	
455 203	
456 372	
457 373	
458 66	
459 374	
460 159	
461 375	
462 132	
463 376	
464 377	
465 139	
466 254	
467 61	
468 378	
469 17	
470 6	
471 32	
472 6	
473 380	
474 382	
475 351	
476 383	
477 374	
478 221	
479 212	
480 28	
481 385	
482 16	
483 61	
484 79	
485 387	
486 65	
487 389	
488 391	
489 256	
490 284	
491 35	
492 392	
493 88	
494 59	
495 374	
496 7	
497 393	
498 394	
499 395	
500 396	
501 196	
502 28	
503 185	
504 200	
505 381	
506 176	
507 400	
508 213	
509 28	
510 402	
511 360	
512 319	
513 192	
514 391	
515 142	
516 7	
517 188	
518 110	
519 17	
520 62	
521 404	
522 24	
523 406	
524 74	
525 24	
526 16	
527 269	
528 403	
529 167	
530 6	
531 239	
532 346	
533 570	
534 203	
535 73	
536 2	
537 66	
538 185	
539 31	
540 24	
541 377	
542 236	
543 235	
544 1	
545 167	
546 293	
547 28	
548 143	
549 174	
550 269	
551 150	
552 137	
553 171	
554 410	
555 1	
556 62	
557 177	
558 39	
559 23	
560 12	
561 383	
562 40	
563 413	
564 28	
565 59	
566 200	
567 415	
568 168	
569 66	
570 235	
571 417	
572 418	
573 375	
574 51	
575 233	
576 270	
577 391	
578 420	
579 167	
580 120	
581 422	
582 324	
583 361	
584 423	
585 34	
586 128	
587 122	
588 92	
589 424	
590 425	
591 20	
592 157	
593 98	
594 66	
595 79	
596 427	
597 277	
598 385	
599 135	
600 428	
601 2	
602 12	
603 192	
604 16	
605 431	
606 48	
607 167	
608 430	
609 433	
610 184	
611 435	
612 59	
613 96	
614 35	
615 9	
616 157	
617 156	
618 20	
619 125	
620 403	
621 162	
622 258	
623 388	
624 62	
625 35	
626 312	
627 439	
628 70	
629 175	
630 440	
631 17	
632 441	
633 263	
634 161	
635 105	
636 443	
637 445	
638 96	
639 446	
640 256	
641 447	
642 2	
643 12	
644 255	
645 449	
646 275	
647 223	
648 450	
649 118	
650 383	
651 142	
652 159	
653 192	
654 59	
655 408	
656 166	
657 452	
658 4	
659 421	
660 16	
661 186	
662 247	
663 338	
664 414	
665 188	
666 342	
667 453	
668 126	
669 76	
670 13	
671 250	
672 455	
673 258	
674 31	
675 105	
676 260	
677 3	
678 308	
679 457	
680 152	
681 455	
682 175	
683 132	
684 59	
685 304	
686 35	
687 460	
688 461	
689 61	
690 20	
691 13	
692 463	
693 382	
694 464	
695 282	
696 24	
697 27	
698 353	
699 73	
700 125	
701 466	
702 288	
703 465	
704 186	
705 59	
706 38	
707 166	
708 21	
709 469	
710 323	
711 471	
712 298	
713 4	
714 258	
715 298	
716 316	
717 263	
718 308	
719 224	
720 140	
721 107	
722 166	
723 175	
724 188	
725 274	
726 474	
727 59	
728 523	
729 48	
730 203	
731 120	
732 96	
733 209	
734 192	
735 338	
736 216	
737 272	
738 475	
739 476	
740 122	
741 228	
742 194	
743 35	
744 479	
745 480	
746 150	
747 481	
748 35	
749 235	
750 482	
751 35	
752 166	
753 484	
754 254	
755 405	
756 24	
757 487	
758 368	
759 246	
760 432	
761 488	
762 107	
763 363	
764 490	
765 17	
766 492	
767 252	
768 159	
769 258	
770 494	
771 235	
772 118	
773 17	
774 80	
775 17	
776 496	
777 283	
778 188	
779 8	
780 40	
781 93	
782 470	
783 497	
784 455	
785 28	
786 105	
787 307	
788 301	
789 143	
790 23	
791 8	
792 198	
793 166	
794 499	
795 255	
796 103	
797 103	
798 39	
799 192	
800 17	
801 32	
802 39	
803 53	
804 190	
805 89	
806 501	
807 328	
808 503	
809 354	
810 192	
811 66	
812 462	
813 35	
814 32	
815 217	
816 441	
817 438	
818 396	
819 338	
820 273	
821 111	
822 66	
823 317	
824 506	
825 157	
826 11	
827 507	
828 456	
829 468	
830 198	
831 12	
832 391	
833 324	
834 188	
835 370	
836 40	
837 472	
838 16	
839 343	
840 66	
841 292	
842 16	
843 12	
844 35	
845 70	
846 135	
847 85	
848 45	
849 255	
850 467	
851 166	
852 120	
853 62	
854 498	
855 177	
856 451	
857 510	
858 105	
859 184	
860 513	
861 464	
862 367	
863 514	
864 192	
865 427	
866 6	
867 491	
868 17	
869 516	
870 35	
871 517	
872 429	
873 16	
874 483	
875 164	
876 519	
877 275	
878 30	
879 436	
880 275	
881 476	
882 248	
883 275	
884 122	
885 118	
886 16	
887 192	
888 224	
889 188	
890 32	
891 382	
892 59	
893 478	
894 520	
895 258	
896 32	
897 412	
898 168	
899 485	
900 105	
901 126	
902 35	
903 444	
904 47	
905 71	
906 211	
907 12	
908 168	
909 49	
910 73	
911 241	
912 109	
913 103	
914 107	
915 12	
916 168	
917 454	
918 412	
919 515	
920 254	
921 42	
922 155	
923 35	
924 149	
925 7	
926 249	
927 18	
928 192	
929 107	
930 168	
931 217	
932 220	
933 58	
934 57	
935 35	
936 350	
937 73	
938 188	
939 523	
940 384	
941 162	
942 497	
943 166	
944 118	
945 168	
946 446	
947 489	
948 53	
949 113	
950 394	
951 5	
952 51	
953 2	
954 35	
955 25	
956 404	
957 28	
958 151	
959 491	
960 2	
961 161	
962 487	
963 263	
964 312	
965 387	
966 254	
967 254	
968 340	
969 158	
970 35	
971 347	
972 474	
973 20	
974 103	
975 18	
976 391	
977 234	
978 331	
979 221	
980 17	
981 53	
982 16	
983 21	
984 255	
985 254	
986 526	
987 20	
988 126	
989 35	
990 24	
991 35	
992 458	
993 203	
994 215	
995 66	
996 528	
997 529	
998 118	
999 200	
1000 357	
1001 161	
1002 531	
1003 185	
1004 74	
1005 132	
1006 426	
1007 16	
1008 225	
1009 209	
1010 272	
1011 388	
1012 31	
1013 192	
1014 62	
1015 303	
1016 24	
1017 519	
1018 25	
1019 18	
1020 397	
1021 448	
1022 182	
1023 120	
1024 16	
1025 535	
1026 12	
1027 377	
1028 512	
1029 166	
1030 523	
1031 536	
1032 537	
1033 166	
1034 24	
1035 168	
1036 448	
1037 502	
1038 470	
1039 125	
1040 69	
1041 92	
1042 35	
1043 504	
1044 16	
1045 133	
1046 538	
1047 49	
1048 312	
1049 166	
1050 121	
1051 235	
1052 16	
1053 59	
1054 459	
1055 539	
1056 540	
1057 216	
1058 125	
1059 54	
1060 12	
1061 281	
1062 72	
1063 112	
1064 217	
1065 541	
1066 4	
1067 223	
1068 120	
1069 534	
1070 28	
1071 192	
1072 40	
1073 83	
1074 5	
1075 217	
1076 382	
1077 348	
1078 106	
1079 70	
1080 35	
1081 40	
1082 131	
1083 411	
1084 31	
1085 29	
1086 284	
1087 350	
1088 35	
1089 24	
1090 187	
1091 184	
1092 49	
1093 416	
1094 546	
1095 142	
1096 35	
1097 159	
1098 43	
1099 299	
1100 281	
1101 200	
1102 76	
1103 547	
1104 249	
1105 105	
1106 316	
1107 401	
1108 188	
1109 329	
1110 263	
1111 62	
1112 409	
1113 236	
1114 284	
1115 12	
1116 199	
1117 525	
1118 550	
1119 35	
1120 182	
1121 51	
1122 424	
1123 53	
1124 6	
1125 254	
1126 0	
1127 180	
1128 24	
1129 524	
1130 149	
1131 120	
1132 111	
1133 474	
1134 474	
1135 235	
1136 264	
1137 35	
1138 59	
1139 484	
1140 159	
1141 543	
1142 424	
1143 338	
1144 92	
1145 379	
1146 125	
1147 73	
1148 290	
1149 353	
1150 480	
1151 252	
1152 227	
1153 338	
1154 73	
1155 166	
1156 523	
1157 248	
1158 486	
1159 17	
1160 20	
1161 168	
1162 111	
1163 228	
1164 73	
1165 192	
1166 118	
1167 518	
1168 527	
1169 500	
1170 8	
1171 35	
1172 465	
1173 8	
1174 552	
1175 16	
1176 221	
1177 17	
1178 434	
1179 16	
1180 40	
1181 335	
1182 279	
1183 125	
1184 338	
1185 221	
1186 175	
1187 483	
1188 287	
1189 312	
1190 509	
1191 520	
1192 79	
1193 399	
1194 192	
1195 28	
1196 125	
1197 39	
1198 5	
1199 532	
1200 553	
1201 374	
1202 487	
1203 126	
1204 245	
1205 522	
1206 189	
1207 198	
1208 143	
1209 427	
1210 16	
1211 134	
1212 159	
1213 229	
1214 267	
1215 94	
1216 17	
1217 192	
1218 143	
1219 85	
1220 345	
1221 556	
1222 415	
1223 508	
1224 28	
1225 505	
1226 39	
1227 557	
1228 330	
1229 61	
1230 175	
1231 397	
1232 308	
1233 160	
1234 559	
1235 32	
1236 82	
1237 20	
1238 523	
1239 141	
1240 372	
1241 35	
1242 265	
1243 16	
1244 166	
1245 209	
1246 17	
1247 476	
1248 473	
1249 437	
1250 161	
1251 131	
1252 161	
1253 303	
1254 295	
1255 2	
1256 335	
1257 551	
1258 256	
1259 220	
1260 35	
1261 419	
1262 281	
1263 340	
1264 560	
1265 511	
1266 522	
1267 548	
1268 25	
1269 192	
1270 236	
1271 180	
1272 128	
1273 258	
1274 143	
1275 365	
1276 146	
1277 533	
1278 20	
1279 554	
1280 496	
1281 474	
1282 382	
1283 31	
1284 35	
1285 363	
1286 367	
1287 31	
1288 17	
1289 477	
1290 76	
1291 105	
1292 126	
1293 157	
1294 111	
1295 35	
1296 158	
1297 495	
1298 2	
1299 188	
1300 549	
1301 564	
1302 12	
1303 324	
1304 31	
1305 118	
1306 130	
1307 166	
1308 16	
1309 453	
1310 184	
1311 263	
1312 249	
1313 28	
1314 542	
1315 126	
1316 565	
1317 62	
1318 176	
1319 126	
1320 231	
1321 35	
1322 131	
1323 452	
1324 170	
1325 66	
1326 128	
1327 49	
1328 6	
1329 566	
1330 192	
1331 144	
1332 491	
1333 166	
1334 35	
1335 193	
1336 567	
1337 569	
1338 333	
1339 49	
1340 164	
1341 411	
1342 187	
1343 171	
1344 326	
