0 1	
1 3	
2 5	
3 7	
4 9	
5 11	
6 13	
7 3	
8 103	
9 16	
10 18	
11 73	
12 20	
13 22	
14 24	
15 25	
16 27	
17 29	
18 31	
19 32	
20 12	
21 33	
22 34	
23 338	
24 36	
25 38	
26 40	
27 20	
28 43	
29 235	
30 32	
31 45	
32 46	
33 47	
34 48	
35 49	
36 51	
37 53	
38 22	
39 56	
40 18	
41 570	
42 59	
43 16	
44 13	
45 63	
46 65	
47 66	
48 59	
49 68	
50 8	
51 69	
52 71	
53 49	
54 73	
55 188	
56 3	
57 31	
58 74	
59 40	
60 39	
61 76	
62 17	
63 76	
64 80	
65 35	
66 13	
67 188	
68 28	
69 83	
70 85	
71 235	
72 86	
73 88	
74 89	
75 91	
76 92	
77 73	
78 94	
79 96	
80 98	
81 100	
82 102	
83 103	
84 104	
85 105	
86 107	
87 109	
88 111	
89 35	
90 113	
91 115	
92 116	
93 7	
94 523	
95 53	
96 118	
97 120	
98 23	
99 338	
100 70	
101 53	
102 28	
103 8	
104 125	
105 53	
106 103	
107 3	
108 128	
109 130	
110 131	
111 132	
112 35	
113 135	
114 137	
115 139	
116 42	
117 141	
118 192	
119 143	
120 144	
121 235	
122 28	
123 5	
124 79	
125 73	
126 6	
127 147	
128 149	
129 18	
130 476	
131 150	
132 152	
133 154	
134 155	
135 157	
136 62	
137 55	
138 160	
139 162	
140 125	
141 148	
142 477	
143 164	
144 165	
145 166	
146 168	
147 170	
148 73	
149 173	
150 124	
151 174	
152 175	
153 73	
154 178	
155 180	
156 105	
157 182	
158 184	
159 185	
160 77	
161 49	
162 187	
163 188	
164 30	
165 190	
166 192	
167 61	
168 194	
169 195	
170 197	
171 32	
172 199	
173 21	
174 143	
175 201	
176 193	
177 128	
178 188	
179 205	
180 73	
181 31	
182 208	
183 209	
184 210	
185 61	
186 211	
187 33	
188 3	
189 213	
190 6	
191 215	
192 22	
193 79	
194 217	
195 218	
196 159	
197 221	
198 28	
199 275	
200 35	
201 224	
202 114	
203 59	
204 225	
205 227	
206 49	
207 35	
208 231	
209 233	
210 39	
211 235	
212 150	
213 236	
214 220	
215 238	
216 570	
217 150	
218 106	
219 241	
220 226	
221 243	
222 209	
223 246	
224 235	
225 249	
226 150	
227 157	
228 189	
229 71	
230 252	
231 105	
232 253	
233 73	
234 16	
235 168	
236 256	
237 31	
238 168	
239 260	
240 217	
241 17	
242 32	
243 73	
244 159	
245 3	
246 275	
247 46	
248 220	
249 265	
250 5	
251 267	
252 269	
253 16	
254 28	
255 171	
256 117	
257 235	
258 20	
259 188	
260 20	
261 53	
262 272	
263 523	
264 273	
265 274	
266 275	
267 107	
268 79	
269 277	
270 59	
271 225	
272 279	
273 125	
274 28	
275 281	
276 282	
277 8	
278 283	
279 284	
280 285	
281 287	
282 3	
283 40	
284 12	
285 73	
286 232	
287 242	
288 149	
289 90	
290 290	
291 107	
292 257	
293 66	
294 276	
295 177	
296 198	
297 292	
298 159	
299 474	
300 293	
301 295	
302 35	
303 297	
304 298	
305 4	
306 3	
307 175	
308 20	
309 73	
310 59	
311 301	
312 122	
313 302	
314 235	
315 304	
316 70	
317 24	
318 3	
319 5	
320 307	
321 308	
322 23	
323 310	
324 35	
325 312	
326 298	
327 105	
328 13	
329 125	
330 6	
331 316	
332 318	
333 143	
334 132	
335 32	
336 222	
337 320	
338 321	
339 323	
340 153	
341 324	
342 73	
343 118	
344 326	
345 32	
346 3	
347 150	
348 167	
349 217	
350 328	
351 330	
352 331	
353 35	
354 94	
355 35	
356 168	
357 82	
358 254	
359 278	
360 3	
361 333	
362 303	
363 142	
364 335	
365 337	
366 203	
367 85	
368 340	
369 341	
370 255	
371 336	
372 142	
373 166	
374 342	
375 343	
376 105	
377 131	
378 345	
379 346	
380 302	
381 188	
382 347	
383 25	
384 62	
385 3	
386 233	
387 22	
388 16	
389 76	
390 70	
391 350	
392 271	
393 17	
394 351	
395 125	
396 35	
397 188	
398 17	
399 197	
400 35	
401 309	
402 258	
403 354	
404 263	
405 254	
406 101	
407 167	
408 57	
409 159	
410 35	
411 357	
412 17	
413 151	
414 185	
415 359	
416 360	
417 17	
418 18	
419 22	
420 175	
421 73	
422 16	
423 13	
424 161	
425 361	
426 25	
427 363	
428 62	
429 59	
430 227	
431 192	
432 213	
433 23	
434 364	
435 12	
436 365	
437 73	
438 35	
439 200	
440 367	
441 317	
442 59	
443 185	
444 187	
445 49	
446 172	
447 106	
448 570	
449 370	
450 59	
451 99	
452 177	
453 20	
454 234	
455 338	
456 17	
457 186	
458 23	
459 340	
460 159	
461 35	
462 17	
463 376	
464 73	
465 138	
466 66	
467 117	
468 40	
469 379	
470 80	
471 32	
472 6	
473 381	
474 40	
475 126	
476 40	
477 374	
478 16	
479 3	
480 384	
481 386	
482 16	
483 166	
484 6	
485 388	
486 64	
487 390	
488 104	
489 255	
490 284	
491 73	
492 28	
493 87	
494 32	
495 62	
496 363	
497 31	
498 353	
499 335	
500 142	
501 397	
502 28	
503 17	
504 398	
505 380	
506 399	
507 401	
508 59	
509 145	
510 403	
511 35	
512 17	
513 338	
514 104	
515 396	
516 74	
517 476	
518 111	
519 353	
520 340	
521 405	
522 23	
523 159	
524 363	
525 305	
526 407	
527 408	
528 332	
529 23	
530 6	
531 107	
532 346	
533 12	
534 166	
535 73	
536 159	
537 258	
538 17	
539 409	
540 254	
541 73	
542 194	
543 188	
544 0	
545 24	
546 293	
547 28	
548 143	
549 20	
550 268	
551 326	
552 136	
553 40	
554 252	
555 411	
556 152	
557 412	
558 263	
559 121	
560 235	
561 308	
562 73	
563 107	
564 28	
565 213	
566 414	
567 416	
568 254	
569 254	
570 166	
571 35	
572 415	
573 35	
574 419	
575 348	
576 247	
577 104	
578 35	
579 258	
580 421	
581 249	
582 212	
583 73	
584 7	
585 34	
586 127	
587 122	
588 73	
589 158	
590 275	
591 20	
592 426	
593 97	
594 258	
595 216	
596 73	
597 35	
598 3	
599 281	
600 429	
601 3	
602 13	
603 430	
604 73	
605 432	
606 20	
607 66	
608 192	
609 175	
610 434	
611 436	
612 313	
613 95	
614 437	
615 8	
616 3	
617 250	
618 438	
619 314	
620 402	
621 162	
622 258	
623 73	
624 424	
625 352	
626 32	
627 49	
628 122	
629 166	
630 275	
631 372	
632 159	
633 35	
634 442	
635 70	
636 444	
637 3	
638 149	
639 104	
640 255	
641 448	
642 2	
643 235	
644 73	
645 367	
646 440	
647 192	
648 451	
649 192	
650 288	
651 143	
652 219	
653 570	
654 59	
655 269	
656 203	
657 453	
658 17	
659 120	
660 16	
661 373	
662 270	
663 192	
664 200	
665 192	
666 125	
667 454	
668 3	
669 78	
670 223	
671 156	
672 456	
673 254	
674 31	
675 122	
676 259	
677 49	
678 383	
679 458	
680 62	
681 455	
682 459	
683 4	
684 58	
685 111	
686 366	
687 194	
688 462	
689 118	
690 41	
691 224	
692 40	
693 407	
694 465	
695 31	
696 66	
697 26	
698 299	
699 209	
700 218	
701 467	
702 383	
703 73	
704 468	
705 198	
706 37	
707 61	
708 54	
709 470	
710 322	
711 472	
712 313	
713 372	
714 24	
715 59	
716 155	
717 35	
718 40	
719 223	
720 473	
721 106	
722 477	
723 192	
724 12	
725 192	
726 192	
727 40	
728 476	
729 20	
730 166	
731 73	
732 40	
733 244	
734 166	
735 203	
736 216	
737 249	
738 35	
739 477	
740 71	
741 302	
742 460	
743 478	
744 8	
745 35	
746 150	
747 175	
748 49	
749 188	
750 483	
751 39	
752 117	
753 485	
754 23	
755 404	
756 486	
757 161	
758 107	
759 245	
760 431	
761 489	
762 368	
763 74	
764 491	
765 40	
766 493	
767 251	
768 159	
769 66	
770 146	
771 247	
772 13	
773 394	
774 79	
775 495	
776 8	
777 62	
778 203	
779 350	
780 49	
781 17	
782 469	
783 113	
784 455	
785 392	
786 70	
787 306	
788 20	
789 396	
790 254	
791 498	
792 32	
793 192	
794 500	
795 256	
796 22	
797 275	
798 35	
799 474	
800 49	
801 59	
802 46	
803 52	
804 44	
805 7	
806 502	
807 327	
808 134	
809 8	
810 477	
811 24	
812 461	
813 263	
814 125	
815 168	
816 504	
817 20	
818 143	
819 203	
820 28	
821 110	
822 66	
823 505	
824 73	
825 156	
826 10	
827 508	
828 455	
829 186	
830 32	
831 235	
832 104	
833 218	
834 570	
835 369	
836 378	
837 509	
838 53	
839 35	
840 168	
841 291	
842 16	
843 235	
844 81	
845 105	
846 134	
847 339	
848 44	
849 302	
850 466	
851 523	
852 427	
853 164	
854 8	
855 177	
856 450	
857 511	
858 71	
859 512	
860 16	
861 35	
862 449	
863 107	
864 191	
865 515	
866 6	
867 192	
868 319	
869 516	
870 475	
871 25	
872 428	
873 16	
874 518	
875 62	
876 484	
877 103	
878 189	
879 435	
880 166	
881 192	
882 272	
883 425	
884 70	
885 61	
886 60	
887 188	
888 13	
889 118	
890 198	
891 361	
892 171	
893 35	
894 520	
895 66	
896 32	
897 177	
898 24	
899 484	
900 122	
901 3	
902 3	
903 443	
904 47	
905 122	
906 211	
907 235	
908 23	
909 302	
910 73	
911 240	
912 108	
913 188	
914 107	
915 188	
916 217	
917 452	
918 521	
919 427	
920 66	
921 522	
922 316	
923 375	
924 289	
925 73	
926 125	
927 5	
928 491	
929 107	
930 66	
931 24	
932 221	
933 73	
934 17	
935 40	
936 8	
937 73	
938 523	
939 166	
940 28	
941 442	
942 82	
943 570	
944 117	
945 254	
946 3	
947 488	
948 49	
949 497	
950 17	
951 4	
952 50	
953 2	
954 464	
955 25	
956 455	
957 123	
958 62	
959 192	
960 3	
961 524	
962 442	
963 39	
964 311	
965 302	
966 258	
967 24	
968 374	
969 158	
970 73	
971 35	
972 338	
973 20	
974 22	
975 17	
976 104	
977 371	
978 49	
979 220	
980 4	
981 49	
982 525	
983 275	
984 256	
985 24	
986 209	
987 48	
988 3	
989 420	
990 66	
991 527	
992 457	
993 474	
994 214	
995 24	
996 16	
997 483	
998 192	
999 455	
1000 356	
1001 530	
1002 532	
1003 5	
1004 74	
1005 319	
1006 157	
1007 15	
1008 225	
1009 209	
1010 248	
1011 387	
1012 533	
1013 570	
1014 374	
1015 111	
1016 167	
1017 534	
1018 25	
1019 5	
1020 73	
1021 448	
1022 181	
1023 119	
1024 221	
1025 7	
1026 192	
1027 302	
1028 184	
1029 61	
1030 166	
1031 121	
1032 279	
1033 523	
1034 258	
1035 167	
1036 447	
1037 501	
1038 131	
1039 125	
1040 44	
1041 73	
1042 35	
1043 441	
1044 73	
1045 229	
1046 28	
1047 3	
1048 312	
1049 203	
1050 536	
1051 12	
1052 513	
1053 73	
1054 175	
1055 142	
1056 281	
1057 216	
1058 59	
1059 275	
1060 13	
1061 540	
1062 73	
1063 480	
1064 66	
1065 31	
1066 299	
1067 13	
1068 542	
1069 519	
1070 280	
1071 13	
1072 543	
1073 83	
1074 57	
1075 254	
1076 544	
1077 51	
1078 239	
1079 105	
1080 296	
1081 463	
1082 245	
1083 1	
1084 30	
1085 28	
1086 102	
1087 124	
1088 480	
1089 217	
1090 105	
1091 545	
1092 3	
1093 415	
1094 256	
1095 236	
1096 73	
1097 406	
1098 522	
1099 353	
1100 135	
1101 25	
1102 75	
1103 548	
1104 248	
1105 187	
1106 315	
1107 400	
1108 166	
1109 549	
1110 39	
1111 158	
1112 31	
1113 193	
1114 284	
1115 570	
1116 61	
1117 16	
1118 335	
1119 263	
1120 49	
1121 348	
1122 424	
1123 49	
1124 7	
1125 168	
1126 411	
1127 49	
1128 168	
1129 161	
1130 96	
1131 40	
1132 110	
1133 203	
1134 166	
1135 270	
1136 264	
1137 551	
1138 521	
1139 519	
1140 355	
1141 40	
1142 62	
1143 188	
1144 33	
1145 17	
1146 32	
1147 59	
1148 44	
1149 394	
1150 112	
1151 410	
1152 53	
1153 192	
1154 255	
1155 474	
1156 477	
1157 125	
1158 24	
1159 57	
1160 19	
1161 258	
1162 304	
1163 73	
1164 73	
1165 118	
1166 61	
1167 483	
1168 35	
1169 499	
1170 8	
1171 112	
1172 464	
1173 479	
1174 552	
1175 16	
1176 16	
1177 132	
1178 184	
1179 528	
1180 49	
1181 395	
1182 537	
1183 163	
1184 474	
1185 220	
1186 191	
1187 482	
1188 286	
1189 312	
1190 472	
1191 520	
1192 7	
1193 176	
1194 175	
1195 28	
1196 521	
1197 263	
1198 57	
1199 531	
1200 554	
1201 164	
1202 487	
1203 3	
1204 131	
1205 43	
1206 31	
1207 125	
1208 142	
1209 120	
1210 16	
1211 503	
1212 441	
1213 133	
1214 266	
1215 555	
1216 185	
1217 476	
1218 142	
1219 84	
1220 344	
1221 303	
1222 418	
1223 507	
1224 28	
1225 317	
1226 35	
1227 558	
1228 329	
1229 118	
1230 481	
1231 196	
1232 288	
1233 159	
1234 73	
1235 312	
1236 497	
1237 48	
1238 188	
1239 140	
1240 4	
1241 229	
1242 264	
1243 73	
1244 275	
1245 73	
1246 93	
1247 192	
1248 140	
1249 35	
1250 506	
1251 131	
1252 487	
1253 556	
1254 294	
1255 3	
1256 334	
1257 35	
1258 546	
1259 16	
1260 417	
1261 51	
1262 134	
1263 164	
1264 561	
1265 510	
1266 42	
1267 547	
1268 517	
1269 476	
1270 142	
1271 179	
1272 562	
1273 167	
1274 143	
1275 35	
1276 494	
1277 31	
1278 20	
1279 553	
1280 563	
1281 338	
1282 73	
1283 393	
1284 40	
1285 7	
1286 367	
1287 206	
1288 358	
1289 476	
1290 349	
1291 70	
1292 3	
1293 250	
1294 303	
1295 133	
1296 424	
1297 17	
1298 3	
1299 338	
1300 329	
1301 521	
1302 235	
1303 212	
1304 541	
1305 13	
1306 129	
1307 188	
1308 221	
1309 452	
1310 183	
1311 40	
1312 422	
1313 538	
1314 120	
1315 3	
1316 486	
1317 151	
1318 53	
1319 3	
1320 230	
1321 375	
1322 470	
1323 454	
1324 169	
1325 254	
1326 202	
1327 40	
1328 79	
1329 107	
1330 117	
1331 92	
1332 490	
1333 570	
1334 551	
1335 236	
1336 568	
1337 364	
1338 125	
1339 53	
1340 374	
1341 0	
1342 122	
1343 171	
1344 150	
